0 757
1 783
2 789
3 875
4 762
5 768
6 794
7 759
8 757
9 811
10 776
11 806
12 816
13 762
14 807
15 768
16 747
17 816
18 806
19 829
20 787
21 735
22 790
23 795
24 826
25 796
26 1271
27 783
28 770
29 749
30 789
31 791
32 794
33 802
34 748
35 1283
36 752
37 771
38 818
39 781
40 730
41 794
42 822
43 763
44 739
45 770
46 760
47 1014
48 815
49 1244
50 798
51 819
52 739
53 775
54 838
55 4151
56 803
57 838
58 803
59 4180
60 766
61 850
62 1232
63 796
64 769
65 767
66 782
67 804
68 776
69 744
70 746
71 726
72 837
73 776
74 785
75 786
76 726
77 722
78 764
79 4194
80 751
81 760
82 1249
83 735
84 1284
85 728
86 763
87 1261
88 754
89 770
90 823
91 4165
92 774
93 708
94 716
95 755
96 787
97 735
98 4163
99 712
100 746
101 790
102 768
103 811
104 797
105 776
106 750
107 816
108 732
109 736
110 709
111 4135
112 785
113 780
114 805
115 724
116 788
117 789
118 781
119 768
120 1283
121 4155
122 826
123 828
124 769
125 755
126 716
127 1236
128 1229
129 4206
130 4198
131 800
132 744
133 768
134 830
135 4172
136 802
137 772
138 795
139 768
140 805
141 788
142 779
143 4185
144 829
145 887
146 830
147 747
148 761
149 823
150 780
151 837
152 767
153 773
154 824
155 830
156 775
157 813
158 779
159 781
160 697
161 7591
162 744
163 798
164 773
165 711
166 751
167 758
168 745
169 790
170 792
171 762
172 775
173 809
174 775
175 805
176 759
177 799
178 783
179 773
180 791
181 765
182 735
183 812
184 905
185 778
186 768
187 801
188 758
189 832
190 776
191 774
192 1287
193 747
194 756
195 1247
196 733
197 769
198 4200
199 734
200 4222
201 750
202 808
203 883
204 795
205 754
206 764
207 769
208 749
209 751
210 768
211 775
212 764
213 735
214 761
215 826
216 4146
217 737
218 772
219 787
220 765
221 804
222 763
223 769
224 1300
225 780
226 773
227 1322
228 791
229 786
230 772
231 810
232 815
233 794
234 752
235 747
236 800
237 788
238 771
239 772
240 737
241 744
242 730
243 824
244 1290
245 762
246 895
247 781
248 848
249 784
250 785
251 911
252 808
253 768
254 804
255 0
